13560476298
13073678087
17195453629
15819379156
13723437774
13006593321
18686195299
15840806253
13552229205
15097709396
15618887052
18551156264
18682750797
18643286907
13030482648
15806482627
13328202678
13555918865
15858505439
13833305363
13622323210
18688954082
15949214689
18500458759
18618173798
13931025603
17161017117
13891994645
15257714892
15901494276
15529812028
13554375777
15003399561
18621228321
13771405671
18282990582
13510919974
18660636345
15246212831
15059461112
18095128774
15295508211
15999697423
13007152520
13917054289
15871934941
18314399100
15198205892
15581308597
13915989251
15072040019
15910635874
18638887124
15859276892
15200838117
18922000978
15731612130
15968391969
18890136188
13701957011
13581872776
18926204647
18618198291
18656102701
13720149991
18600030835
18671400311
13811453828
13853878670
15887095337
15345586654
13611859892
15871323609
15901263765
13505405582
18607343155
13956170357
15009842442
13799283609
15010162247
18249863983
13840904864
18610307202
18780265920
15068938560
15818845690
15234111762
18691200965
18660057304
15815547839
15107096700
13511011775
13574069652
13868135054
13734257167
18645371186
15854945504
18155317178
13961345786
13811801060
18610319191
15922241131
15975497018
15811272469
15014927058
13514636437
13764110950
15574550082
15282656215
15843026091
15294192628
13859993042
13761012509
13674591202
15203473207
13752545938
18855525015
13629797279
13262845349
15960259627
15903805752
18680802323
13590143204
15853008629
15590744699
15754920823
18625182782
13792907017
18539500220
15242387570
18799175196
18089370022
18220320105
13958639907
15608060906
13770849351
15517825188
15899824118
13796430161
18658437530
15067451806
15151873558
15852820728
18874228181
13881761599
13826326559
13031605262
18196670990
15823933316
15990711627
13845108433
13818668348
15052839410
13968071007
18814815580
13810119107
18679452561
18797578202
18831886066
18676519714
18911961070
18668009705
18678067715
13416886772
18665502554
13581939857
15190740551
18970949660
15810747024
18734258371
13199818198
13756030030
13587978318
13122983117
15652268268
13869970861
15910429390
18665866275
15189708866
13141203646
15922850028
18222087943
15652001263
13501134547
18669025004
13510629156
13810439943
18968025442
18103911112
18907165525
13317310451
13594734747
13462277382
13450171830
18665673210
13694676155
15810858314
18203927150
18709086902
15818748053
13575014890
13817359263
18644059808
13861821124
15101130311
15023657455
15156329303
13524113160
18940876031
15878986583
18937862163
18648095522
15675884149
18947590607
15037179370
18003726488
18817878583
15108475444
13439074044
15010379587
18701595058
18678032995
13633637243
13120484851
18666286253
15904504161
13191451230
13751015230
18920328711
15270972787
13881908945
13555562562
18661872390
13725420371
13683660257
13509208827
13256777945
13842072103
18678729898
13566272366
18795882953
15981837526
15927792705
13512825786
13408011869
15988575695
15885501175
13524467402
15871585100
18933926126
13844821221
15858795100
13397133175
13416159306
13991871304
15148772217
15390076167
15869071163
13048074466
18786131090
15152223533
13638428057
13572542879
15851976748
15508103964
13694565590
13971508071
13565316105
13916174531
15116283332
18977771622
15937955560
13622154102
15531709333
13684248871
13860396890
13482765494
15506905880
13429326035
15606041961
15602867079
15950546024
15092372199
13611637108
13363117273
13609068086
13233876677
13630078994
18603963122
13270166775
18603724822
18643837465
18674409853
15148678778
15952756855
15371922011
15633824107
15601451945
13999090089
15627807058
18676173458
13078938685
18646647758
18695997674
13675174173
18650500626
15608235362
13562738686
18662283011
18742962314
15642005008
13604662299
13588061210
13571829994
18611863504
18622394167
15517388791
18663463053
13860313736
15146845786
15866291175
13729000010
18762899981
18204606616
18690821415
15093357936
15848548745
18507990090
18699606227
15065765915
15846091600
13590117409
18678640402
18686517104
18654588489
18823711570
13966752140
18677496789
15177442572
15152180526
15605182377
15802589576
13779155773
13371277030
13811304898
13664815290
15001053141
18669712738
13903147062
13811413176
13302607767
18515064287
18746800928
18502419409
15180593751
13810552005
15869561420
18024080529
15809686665
15010706988
13907452798
15339166179
18920596660
18616598425
13621245795
13961112388
18505080055
13912978565
18046260036
15995652372
15072406593
13560072825
18577317970
15056015123
18159039379
13429925571
13974301618
15510800360
15888024445
15072443154
13611717350
13039407703
15821638302
15000629368
15063833702
13738271983
13330556258
15989117745
15261686521
15271938362
13624990291
15966604063
13581887585
15200346809
15068996831
18079367220
13333464971
18795314980
18662350629
13858805926
15052443040
18007554638
18237244304
15223953399
18814877580
15829619412
13918706228
15904962826
15853161601
15182572001
15813360425
13501153983
13006357186
13850270015
18739591579
13883365328
13772542609
18680826264
15609345355
15017700508
13883103397
13924097930
18691877142
13951410075
13990824434
18047006764
13810450525
13909827182
15118325679
13662997756
13809511196
18602446861
15565362279
13426094735
18601961693
13317265450
15258177921
13399706813
13625010230
18380225247
15032313557
13830397299
13632947598
13638228200
13823243519
13842324915
13705181323
18913271739
18621709193
15137930120
15811378563
13999091083
13856085863
15011500056
13732993382
18686538197
15910243753
13810323653
13998691373
18606947105
13739262153
18659189965
18632945508
13866789410
18668720307
18652512030
15007117700
13555551651
18651602599
15901015180
15665430007
15847135224
18645089574
18392988617
15504279155
13670770804
15098711890
18638372387
18944591003
13896121984
13180886999
13235658257
15295174989
13051083350
13717614632
18210095687
18701600062
13621701238
18633526101
13661832878
13392536095
13810554277
15093975397
15008276557
13528532502
13862314525
13382875281
13502135278
18049161514
15977783173
18510410909
14795591611
18605023637
15235377707
13573240371
18647992903
13309024929
15922064718
13425822142
18604750311
18200582456
18620465785
13820815593
13807721696
15879259023
15622288078
13476493360
18993722504
13580571742
15951717562
13820163451
18692682047
18686025800
15888870261
15966688810
13530687515
15108982064
15533959738
15998800557
18638669366
13934666243
15104519491
18717989605
18755156776
13738015685
13309363822
18668095720
18236734963
13873009240
18060916993
18986195857
15921202549
15966657281
15980895982
18804165055
15603415577
18688839258
13986288871
13557230246
13583815503
13732940869
18706298281
18804702000
18523091556
15390556803
15072711511
15007153384
15827314971
13991337459
13621945847
15929783369
13660409117
18606003233
13111248212
13685365700
18982280287
13129892158
13994213169
13527558735
13817298618
13802792042
13671536360
13820618182
15868630837
15801179845
13635602638
13917191604
18914780472
18686775241
13862084016
13883103521
13907016558
15922452512
13581682093
15080351081
15538093831
18841630368
13820381769
18665652770
13651082362
15298454098
18697155534
15941165209
13488310642
18711163143
15274687223
13818601569
15145080680
15110088792
13368367830
13914219894
18242991392
13888429520
18651862856
18775534116
18072189878
18602225815
15018708757
15248010802
13898682858
15612260565
13911596564
13246320875
18096047599
15818066495
18578220056
18708989266
13946635655
13924953060
15101030507
18768104075
18911753141
15921171211
13358111004
18771314078
15273027213
13564384688
15967037421
18659097093
18635667827
13814844163
15385591650
18681551187
13998504343
13823350647
18502988183
13917445648
13564377578
18600428116
15757558836
13260525052
13857898049
15984790367
13880678685
13939421936
13581777332
15913141116
15042307874
18053230808
13801245365
13752367569
13629707229
18684965303
18835000636
18371009332
13677000084
15271919080
13734698015
13098400132
15606942567
18603679731
13388151826
15285915969
15096282968
15910479631
15268591667
13516065074
15632912183
13706688200
18960078591
18626327535
18768238808
18702714913
13436858435
15319200351
18962425372
15811238230
13625041946
13165471208
18505976696
13459180300
18221967236
13061726347
18640049747
13850804877
18780551410
13933876186
18680200114
15929566305
18661250202
18600956260
13371138230
15213759575
13684072298
13916133905
14789965808
13029111972
13080046030
13155522205
18627085888
15210967980
15851693375
13893102130
13713266689
15801319566
15026871034
15077116665
13621075004
13533333200
15216446444
13651857333
18917798173
13771863650
18639709335
13560177826
18651952655
18520915745
13616064390
13764617804
13705057271
15882647216
15802507521
15220077916
15076621899
18870593923
13777427011
13436187751
18238825873
18709886597
18721761251
15951389575
13779943445
13201231629
15029903420
13860660513
13683664304
13975866677
13462647873
15097357207
18964180925
13474333134
18651151867
18105320276
15968769831
15877392297
18773398600
15211361008
18202883040
18657156230
13436095990
18658455788
13633099396
13483539474
15259146794
13698727363
13770753852
15850360196
18673152214
18790487455
18610097484
15980942046
18689789130
15244985579
15820246615
13590305201
15164664301
18013969457
15568392770
18908580479
13667012363
13811091657
18611702832
13776543384
18811035076
18601315554
18702175855
13882065706
18684886383
15973138737
18551051885
18686602064
13063119215
18626083534
13128834518
13552505650
13980570709
18701031540
13175079288
18027322242
18681832213
13578940729
18612181847
13632106053
18621830043
13548618708
15985788567
13668229193
13753115122
13831650955
13927384863
15107016220
18745186869
13587970224
13407413360
15060692547
15221430832
18650803534
18634727175
13405763156
13416024525
18668091283
18204081871
15527216918
18222068676
18674515530
15271888129
18505475390
15251228818
13324850996
18958071464
18369183213
13572872883
18615796100
15726459787
13500635113
15657790326
13622234510
13773143129
13232179857
13914788676
13397660780
18600966805
13662215213
18981823850
18875879085
13671954939
13671975401
13329811789
15889742376
18835932318
13108538787
13263498704
13917597219
13732968550
15886615666
13959030611
18642798325
15811329056
13176705701
13602481600
15268365143
13693790562
15955139323
13913008320
18606196808
13811178655
15889691931
13199097193
15295049121
13145200521
13716764956
18940002322
13848134250
13920139260
18274955927
18622997790
13864084472
13917488547
13418510140
13709245315
18609388455
13734716903
13834268284
15156508275
15823550880
13173313799
18061736746
18626885722
18215500871
18682276817
15263629686
13842895829
13407719661
18937412051
18689560252
15995812055
13381105091
13759147221
13647165795
18113011985
18513520127
18671919230
18365679803
15918728948
15659633248
15140096553
15153131417
13631339936
18208279830
18011570492
13616100163
13944227009
18945190903
18684735467
13070851209
13802021062
13666817170
18600948467
18815193122
15124566443
18661830016
13570587782
15860797079
18687488799
18604117692
18328554988
13931185499
13396999053
13523087166
15155923013
15080578981
15666018392
13424376563
18389579800
15323458665
15273432720
15294225061
18650359242
18668141101
15810830936
13795334216
18610007601
15901961681
18626355612
15757821676
13576181847
15044860258
18531665811
15080243422
15126116975
18081039342
18675796926
13972271680
15190060650
13128580635
15002761991
18620239200
13466689966
13985121243
13773285534
15325521988
13666143446
15574254136
13810088260
15012585830
15151356166
13357839696
13817348569
18857300884
18062934009
13841668293
13720326583
15207177867
18645063123
13671280008
18691108516
15827615876
15870507882
15216701681
13925863329
18835168054
15857538910
15972179073
18247251285
18635809263
15869782223
15237260288
15389361156
15220013032
13738340305
18115606025
18850414850
13592450067
13051970453
18105161609
18369901076
18363011790
15868378961
18281376370
18679130357
15974163389
18991937479
18230700579
13960721476
18646469293
15801690621
13777415226
18229925247
18674552042
15201212043
13959670670
15044449114
15236123308
13588177450
18664245949
18245043945
15855131730
18875290922
15067102879
13379996099
13417503270
18696230866
15820475659
18992383296
13466717020
15040118120
13958026446
18679251210
13152455713
13381362303
13891944506
13805155838
18504376959
15900364655
15686203033
18672221040
13026116165
15605781984
18765318360
18073708178
18955194411
18862969977
18202136129
13338600321
15967299349
18650713992
13844873637
13677228877
15836506322
18328325567
18888366163
15399891157
15537127198
13817394259
18607353467
18604772599
18029263997
15823022845
13567089905
18638237955
13510769223
13738996832
13410171681
18680800079
13735466322
18334702989
18418135354
13527616166
18771067075
13632409534
18697990158
15845959559
18951600716
15219098115
13775233735
18744401929
13871228326
13700025714
15216535309
15580177721
15530288177
13911319064
18908621499
13885116653
15928068385
13297077039
18339363756
15078857213
13980454737
13478956348
13885644969
13603350587
18001289882
18764698886
15291274216
13610487788
15901536087
13945970433
18623342632
15985140966
15210567980
15335244611
18624079597
13581991520
15530012456
18697390230
13609029593
18363666137
15000849264
15890150125
15838971286
18658118383
15721294446
13402195160
13560352647
18625179090
18662605714
13408342600
15058703144
13674606230
18038750081
18796816493
15143831100
13505606200
13580426837
18126819779
15158887743
15158104322
18638597557
13917144808
13528273965
18708340759
15867147949
18734814069
13390887725
18508474331
18622626178
18907995544
13066661762
15807009892
13021235297
13267033435
15044220198
18342912005
13570540495
13088822320
13070288532
18772583081
18620836105
13964446688
18843433824
18601279236
13588752981
13215667857
13695823382
15295860500
13586922385
18066826576
18802606268
13796027502
18602391153
13572777747
13067921532
13883710505
18500141519
15278004632
15018416393
15079255573
15118314411
18524146696
18621820107
15297029256
15049378961
13560299644
15972803912
18980110259
15210425829
13929825507
15879466288
18765608588
15916604490
13772212024
15651753200
13774394299
15850581819
15757154400
13136611669
18043824770
18683625867
15208428168
15553818167
13810726159
18640925979
15015528565
15933484452
13551316022
18739394819
13122210134
18637015679
18682508805
18077706998
13310446668
15806035515
15242215651
15848882008
15857669227
18547033345
15002747772
18573120177
13018887888
18061248353
15572765465
18676638337
18074587325
18625920736
18857121057
13356863768
18907372792
13738775647
13568215886
15980812191
18631557229
13721890321
18672756213
13785618041
13670753238
13850893889
18939390798
15267003085
18688440090
13461351069
18547132919
15005073702
18650585500
18980756663
13967119226
13602853538
18611446886
15111203005
15185961121
15841114642
13777699670
18622667157
13560321988
18658133287
18013766636
15178747533
13962279598
18653687467
18052038362
13946887583
18795859127
15811355618
13950313540
15914867554
13609538689
13316276039
15876116064
18520786887
15225586389
18661032858
15622067075
13912633515
18109165855
13404148840
13929869825
15090712666
18239306199
15070999673
18205990887
15279010729
18628953601
18640903695
15801469513
15277388822
13811899659
18685436696
18857879587
18250081808
13436371404
13816996292
13580350554
15084156456
15292911186
15776868178
13635333738
18932716221
13295935801
18681949773
13887551150
15120040878
18608020315
13521762755
13804468431
18659308080
18623230564
13540656748
18123912113
18705856324
18647806665
18645419054
18610488218
18610295332
18268151636
18684811041
15671554183
13821761913
13671670955
13944828364
18228967919
13821257829
15179812477
13917359632
13401042002
18868938881
18608233220
13856947223
15820339126
18642311947
15810173811
15958245185
18707842000
18621122661
15804601895
18707753621
15137440977
13932906703
13776662738
13727123953
15858165679
13516966152
18609687333
18588887881
18653901131
15907154515
13611814164
18916157295
13910675524
15866911155
13666910571
18560299201
15058976661
18992013577
13540726070
18696978037
15715854337
15050568990
13920871780
13643893701
15105166004
15813845670
15263677587
13824420387
15989007068
18858133013
18858929002
18769316626
15950141684
15946716521
15919193750
15694355652
15210201051
18507072283
13853743358
13544170636
18524102357
13336471753
15866967701
15080450280
13671039593
18972249190
13904894406
18773410933
13765152015
13917174624
13138348989
18717370317
18603962669
18105097928
13759900932
15107911669
13876190077
15982354598
15265388490
13760364067
15058861516
13924677470
13355000663
13883774533
13599101076
13923036029
13841328121
15872373191
13320236603
13452985837
15375260823
15901328137
13191324777
13764954955
13818787849
15106179899
15017512068
15946056949
13918845090
13950454169
13483186135
13684021591
13678007321
13860943004
15889291345
18698872010
18660064356
13999338725
15817252656
15605517764
18502368696
15353132415
15805230179
18688150963
14757855513
18251962579
15888707278
13288661465
15200335905
15882821383
13654547115
13392608641
13603116772
15882442366
15022953599
15825335626
18211165466
13640082099
15159361000
15535393993
15923923619
13857346349
13500277195
13243179180
15822395570
18359496278
18571613053
18019855533
15177774504
13591753880
13873434530
18600134079
13914961064
15266410175
18713599002
15620256700
13805694080
18662299072
15039613981
15168288048
13808983151
15959351914
13568618168
18653215303
13738799351
18677101029
18638177276
13519761477
18780524824
18679111327
13568862322
13770596586
13761116084
13564035766
15070997708
13818852379
18611673997
13871524050
18744037356
13581569969
13572245042
18319818818
13611395493
15111142232
15275259987
18523938407
18685453830
18600414472
13910077744
15610450066
18857980182
18571635686
18274946132
13316411426
18674087307
18086368068
13784090652
13761332067
18857507602
13306002138
18636884992
15116916415
13805348490
13540758071
13541102602
13535047790
18576718421
18553831105
15865610913
15802257350
15322075692
15958027025
18924582627
15820499218
13779039599
18645022532
13023216213
18281915951
15715434288
15800324576
13910248693
18668226327
18600640619
13590122857
18635180916
13407161963
13631296874
13645741629
15586565836
18623859825
15031865755
18843519878
13817546676
18641905257
15859209697
15902058024
18937412157
15181395502
13163344440
13560237710
13823577930
18652390293
15150312778
18096647744
13798968302
18733449200
18292015807
13236252455
15061862310
13139913401
13991285729
18652041949
15153687363
18688901182
15045669183
13683754091
15900561591
13907925582
15900252302
15181836100
15960277360
15219495808
15711068835
18608047271
18890364105
18664587650
13811930695
13734082235
15051884243
13515618133
18209910765
13918199024
15202495317
13408162599
18616395063
18227643861
18705047675
13776699080
13540085257
13869101708
15580050196